now:2019-04-26 16:48:23.149385
// Monkey finished
now:2019-04-26 16:48:23.152377
